(5, 1) | -825
(6.015625, 0.84375) | -859.7085952758789
(5.78582763671875, -0.4251708984375) | -861.3224294880524
(6.019646715722047, -0.34829697548411787) | -863.255841011943
(5.923509823487628, -0.08621888241300635) | -863.7462345842409
(6.00889661302808, -0.07025893250851986) | -863.9674873795387
(5.988710133216855, -0.04387276615943152) | -863.9838870920203
(6.014028283911358, -0.027451436204978953) | -863.9883778801375
(5.9982162404822255, -0.02229225764964359) | -863.9969046845458
(6.006210906091011, -0.0055780349157553005) | -863.9984239279729
(5.999219534135493, -0.004531070723706365) | -863.9998549047921
(6.000974826538018, -0.0028321402239433226) | -863.9999176538947
(5.998781037991885, -0.0017699150871239712) | -863.9999277205828
(6.000152182003989, -0.0014381234288897513) | -863.9999867567471
(5.999467225038842, -0.0003595035001592638) | -863.999989006345
(6.000066568239868, -0.00029210257933138097) | -863.9999993285223
(5.999916786202919, -0.00018256289678495266) | -863.9999995507453
(6.000010400554691, -0.00014833282838001927) | -863.9999998640898
(5.99996359664285, -3.7083014252043065e-05) | -863.9999999440419
(6.000004550273919, -3.0129991265604114e-05) | -863.9999999938078
